238
564
145
927
837
315
740
880
946
355
279
892
504
49
473
669
872
571
678
569
38
435
22
156
969
749
653
536
783
391
910
372
954
55
298
142
369
389
373
666
743
3
558
599
52
30
619
923
952
296
844
990
731
865
497
51
965
150
939
747
892
848
118
197
254
767
690
974
156
415
640
250
417
549
848
820
930
466
95
882
114
938
223
196
154
719
246
470
220
184
568
111
384
685
659
637
803
701
611
958
115
250
208
883
150
407
703
79
225
149
960
338
438
534
533
943
253
778
412
472
314
979
935
697
15
945
333
817
645
295
775
759
896
334
642
45
740
696
124
316
844
435
653
633
969
185
575
221
315
986
44
628
316
978
324
330
923
8
146
919
303
272
678
550
605
671
595
697
366
718
12
561
152
665
193
472
201
767
692
867
104
736
494
419
65
169
748
339
529
245
258
183
517
287
732
473
957
326
521
674
395
533
586
547
549
778
18
101
896
62
968
351
149
813
769
213
982
868
904
510
464
513
44
980
799
775
805
107
101
325
132
495
857
717
393
757
846
763
858
93
176
825
443
324
637
563
888
970
782
791
831
245
303
874
577
453
649
381
559
101
705
690
947
914
758
340
22
603
454
879
695
629
55
489
304
44
403
191
13
184
334
196
429
988
69
357
441
69
737
351
169
793
393
468
58
502
807
80
105
612
0
