Consumed:[238],Buffer State:[564,145,927,837,315,740,880,946,355,279,892,504,49,473,669,872,571,678,569,38,435,22,156,969,749,653,536,783,391,910,372,954,55,298,142,369,389,373,666,743,3,558,599,52,30,619,923,952,296,844,990,731,865,497,51,965,150,939,747,892,848,118,197,254,767,690,974,156,415,640,250,417,549,848,820,930,466,95,882,114,938,223,196,154,719,246,470,220,184,568,111,384,685,659,637,803,701,611,958]
Consumed:[564],Buffer State:[145,927,837,315,740,880,946,355,279,892,504,49,473,669,872,571,678,569,38,435,22,156,969,749,653,536,783,391,910,372,954,55,298,142,369,389,373,666,743,3,558,599,52,30,619,923,952,296,844,990,731,865,497,51,965,150,939,747,892,848,118,197,254,767,690,974,156,415,640,250,417,549,848,820,930,466,95,882,114,938,223,196,154,719,246,470,220,184,568,111,384,685,659,637,803,701,611,958]
Consumed:[145],Buffer State:[927,837,315,740,880,946,355,279,892,504,49,473,669,872,571,678,569,38,435,22,156,969,749,653,536,783,391,910,372,954,55,298,142,369,389,373,666,743,3,558,599,52,30,619,923,952,296,844,990,731,865,497,51,965,150,939,747,892,848,118,197,254,767,690,974,156,415,640,250,417,549,848,820,930,466,95,882,114,938,223,196,154,719,246,470,220,184,568,111,384,685,659,637,803,701,611,958]
Consumed:[927],Buffer State:[837,315,740,880,946,355,279,892,504,49,473,669,872,571,678,569,38,435,22,156,969,749,653,536,783,391,910,372,954,55,298,142,369,389,373,666,743,3,558,599,52,30,619,923,952,296,844,990,731,865,497,51,965,150,939,747,892,848,118,197,254,767,690,974,156,415,640,250,417,549,848,820,930,466,95,882,114,938,223,196,154,719,246,470,220,184,568,111,384,685,659,637,803,701,611,958]
Consumed:[837],Buffer State:[315,740,880,946,355,279,892,504,49,473,669,872,571,678,569,38,435,22,156,969,749,653,536,783,391,910,372,954,55,298,142,369,389,373,666,743,3,558,599,52,30,619,923,952,296,844,990,731,865,497,51,965,150,939,747,892,848,118,197,254,767,690,974,156,415,640,250,417,549,848,820,930,466,95,882,114,938,223,196,154,719,246,470,220,184,568,111,384,685,659,637,803,701,611,958]
Consumed:[315],Buffer State:[740,880,946,355,279,892,504,49,473,669,872,571,678,569,38,435,22,156,969,749,653,536,783,391,910,372,954,55,298,142,369,389,373,666,743,3,558,599,52,30,619,923,952,296,844,990,731,865,497,51,965,150,939,747,892,848,118,197,254,767,690,974,156,415,640,250,417,549,848,820,930,466,95,882,114,938,223,196,154,719,246,470,220,184,568,111,384,685,659,637,803,701,611,958]
Consumed:[740],Buffer State:[880,946,355,279,892,504,49,473,669,872,571,678,569,38,435,22,156,969,749,653,536,783,391,910,372,954,55,298,142,369,389,373,666,743,3,558,599,52,30,619,923,952,296,844,990,731,865,497,51,965,150,939,747,892,848,118,197,254,767,690,974,156,415,640,250,417,549,848,820,930,466,95,882,114,938,223,196,154,719,246,470,220,184,568,111,384,685,659,637,803,701,611,958]
Consumed:[880],Buffer State:[946,355,279,892,504,49,473,669,872,571,678,569,38,435,22,156,969,749,653,536,783,391,910,372,954,55,298,142,369,389,373,666,743,3,558,599,52,30,619,923,952,296,844,990,731,865,497,51,965,150,939,747,892,848,118,197,254,767,690,974,156,415,640,250,417,549,848,820,930,466,95,882,114,938,223,196,154,719,246,470,220,184,568,111,384,685,659,637,803,701,611,958]
Consumed:[946],Buffer State:[355,279,892,504,49,473,669,872,571,678,569,38,435,22,156,969,749,653,536,783,391,910,372,954,55,298,142,369,389,373,666,743,3,558,599,52,30,619,923,952,296,844,990,731,865,497,51,965,150,939,747,892,848,118,197,254,767,690,974,156,415,640,250,417,549,848,820,930,466,95,882,114,938,223,196,154,719,246,470,220,184,568,111,384,685,659,637,803,701,611,958]
Consumed:[355],Buffer State:[279,892,504,49,473,669,872,571,678,569,38,435,22,156,969,749,653,536,783,391,910,372,954,55,298,142,369,389,373,666,743,3,558,599,52,30,619,923,952,296,844,990,731,865,497,51,965,150,939,747,892,848,118,197,254,767,690,974,156,415,640,250,417,549,848,820,930,466,95,882,114,938,223,196,154,719,246,470,220,184,568,111,384,685,659,637,803,701,611,958]
Consumed:[279],Buffer State:[892,504,49,473,669,872,571,678,569,38,435,22,156,969,749,653,536,783,391,910,372,954,55,298,142,369,389,373,666,743,3,558,599,52,30,619,923,952,296,844,990,731,865,497,51,965,150,939,747,892,848,118,197,254,767,690,974,156,415,640,250,417,549,848,820,930,466,95,882,114,938,223,196,154,719,246,470,220,184,568,111,384,685,659,637,803,701,611,958]
Consumed:[892],Buffer State:[504,49,473,669,872,571,678,569,38,435,22,156,969,749,653,536,783,391,910,372,954,55,298,142,369,389,373,666,743,3,558,599,52,30,619,923,952,296,844,990,731,865,497,51,965,150,939,747,892,848,118,197,254,767,690,974,156,415,640,250,417,549,848,820,930,466,95,882,114,938,223,196,154,719,246,470,220,184,568,111,384,685,659,637,803,701,611,958]
Consumed:[504],Buffer State:[49,473,669,872,571,678,569,38,435,22,156,969,749,653,536,783,391,910,372,954,55,298,142,369,389,373,666,743,3,558,599,52,30,619,923,952,296,844,990,731,865,497,51,965,150,939,747,892,848,118,197,254,767,690,974,156,415,640,250,417,549,848,820,930,466,95,882,114,938,223,196,154,719,246,470,220,184,568,111,384,685,659,637,803,701,611,958]
Consumed:[49],Buffer State:[473,669,872,571,678,569,38,435,22,156,969,749,653,536,783,391,910,372,954,55,298,142,369,389,373,666,743,3,558,599,52,30,619,923,952,296,844,990,731,865,497,51,965,150,939,747,892,848,118,197,254,767,690,974,156,415,640,250,417,549,848,820,930,466,95,882,114,938,223,196,154,719,246,470,220,184,568,111,384,685,659,637,803,701,611,958]
Consumed:[473],Buffer State:[669,872,571,678,569,38,435,22,156,969,749,653,536,783,391,910,372,954,55,298,142,369,389,373,666,743,3,558,599,52,30,619,923,952,296,844,990,731,865,497,51,965,150,939,747,892,848,118,197,254,767,690,974,156,415,640,250,417,549,848,820,930,466,95,882,114,938,223,196,154,719,246,470,220,184,568,111,384,685,659,637,803,701,611,958]
Consumed:[669],Buffer State:[872,571,678,569,38,435,22,156,969,749,653,536,783,391,910,372,954,55,298,142,369,389,373,666,743,3,558,599,52,30,619,923,952,296,844,990,731,865,497,51,965,150,939,747,892,848,118,197,254,767,690,974,156,415,640,250,417,549,848,820,930,466,95,882,114,938,223,196,154,719,246,470,220,184,568,111,384,685,659,637,803,701,611,958]
Consumed:[872],Buffer State:[571,678,569,38,435,22,156,969,749,653,536,783,391,910,372,954,55,298,142,369,389,373,666,743,3,558,599,52,30,619,923,952,296,844,990,731,865,497,51,965,150,939,747,892,848,118,197,254,767,690,974,156,415,640,250,417,549,848,820,930,466,95,882,114,938,223,196,154,719,246,470,220,184,568,111,384,685,659,637,803,701,611,958]
Consumed:[571],Buffer State:[678,569,38,435,22,156,969,749,653,536,783,391,910,372,954,55,298,142,369,389,373,666,743,3,558,599,52,30,619,923,952,296,844,990,731,865,497,51,965,150,939,747,892,848,118,197,254,767,690,974,156,415,640,250,417,549,848,820,930,466,95,882,114,938,223,196,154,719,246,470,220,184,568,111,384,685,659,637,803,701,611,958]
Consumed:[678],Buffer State:[569,38,435,22,156,969,749,653,536,783,391,910,372,954,55,298,142,369,389,373,666,743,3,558,599,52,30,619,923,952,296,844,990,731,865,497,51,965,150,939,747,892,848,118,197,254,767,690,974,156,415,640,250,417,549,848,820,930,466,95,882,114,938,223,196,154,719,246,470,220,184,568,111,384,685,659,637,803,701,611,958]
Consumed:[569],Buffer State:[38,435,22,156,969,749,653,536,783,391,910,372,954,55,298,142,369,389,373,666,743,3,558,599,52,30,619,923,952,296,844,990,731,865,497,51,965,150,939,747,892,848,118,197,254,767,690,974,156,415,640,250,417,549,848,820,930,466,95,882,114,938,223,196,154,719,246,470,220,184,568,111,384,685,659,637,803,701,611,958]
Consumed:[38],Buffer State:[435,22,156,969,749,653,536,783,391,910,372,954,55,298,142,369,389,373,666,743,3,558,599,52,30,619,923,952,296,844,990,731,865,497,51,965,150,939,747,892,848,118,197,254,767,690,974,156,415,640,250,417,549,848,820,930,466,95,882,114,938,223,196,154,719,246,470,220,184,568,111,384,685,659,637,803,701,611,958]
Consumed:[435],Buffer State:[22,156,969,749,653,536,783,391,910,372,954,55,298,142,369,389,373,666,743,3,558,599,52,30,619,923,952,296,844,990,731,865,497,51,965,150,939,747,892,848,118,197,254,767,690,974,156,415,640,250,417,549,848,820,930,466,95,882,114,938,223,196,154,719,246,470,220,184,568,111,384,685,659,637,803,701,611,958]
Consumed:[22],Buffer State:[156,969,749,653,536,783,391,910,372,954,55,298,142,369,389,373,666,743,3,558,599,52,30,619,923,952,296,844,990,731,865,497,51,965,150,939,747,892,848,118,197,254,767,690,974,156,415,640,250,417,549,848,820,930,466,95,882,114,938,223,196,154,719,246,470,220,184,568,111,384,685,659,637,803,701,611,958]
Consumed:[156],Buffer State:[969,749,653,536,783,391,910,372,954,55,298,142,369,389,373,666,743,3,558,599,52,30,619,923,952,296,844,990,731,865,497,51,965,150,939,747,892,848,118,197,254,767,690,974,156,415,640,250,417,549,848,820,930,466,95,882,114,938,223,196,154,719,246,470,220,184,568,111,384,685,659,637,803,701,611,958]
Consumed:[969],Buffer State:[749,653,536,783,391,910,372,954,55,298,142,369,389,373,666,743,3,558,599,52,30,619,923,952,296,844,990,731,865,497,51,965,150,939,747,892,848,118,197,254,767,690,974,156,415,640,250,417,549,848,820,930,466,95,882,114,938,223,196,154,719,246,470,220,184,568,111,384,685,659,637,803,701,611,958]
Consumed:[749],Buffer State:[653,536,783,391,910,372,954,55,298,142,369,389,373,666,743,3,558,599,52,30,619,923,952,296,844,990,731,865,497,51,965,150,939,747,892,848,118,197,254,767,690,974,156,415,640,250,417,549,848,820,930,466,95,882,114,938,223,196,154,719,246,470,220,184,568,111,384,685,659,637,803,701,611,958]
Consumed:[653],Buffer State:[536,783,391,910,372,954,55,298,142,369,389,373,666,743,3,558,599,52,30,619,923,952,296,844,990,731,865,497,51,965,150,939,747,892,848,118,197,254,767,690,974,156,415,640,250,417,549,848,820,930,466,95,882,114,938,223,196,154,719,246,470,220,184,568,111,384,685,659,637,803,701,611,958]
Consumed:[536],Buffer State:[783,391,910,372,954,55,298,142,369,389,373,666,743,3,558,599,52,30,619,923,952,296,844,990,731,865,497,51,965,150,939,747,892,848,118,197,254,767,690,974,156,415,640,250,417,549,848,820,930,466,95,882,114,938,223,196,154,719,246,470,220,184,568,111,384,685,659,637,803,701,611,958]
Consumed:[783],Buffer State:[391,910,372,954,55,298,142,369,389,373,666,743,3,558,599,52,30,619,923,952,296,844,990,731,865,497,51,965,150,939,747,892,848,118,197,254,767,690,974,156,415,640,250,417,549,848,820,930,466,95,882,114,938,223,196,154,719,246,470,220,184,568,111,384,685,659,637,803,701,611,958]
Consumed:[391],Buffer State:[910,372,954,55,298,142,369,389,373,666,743,3,558,599,52,30,619,923,952,296,844,990,731,865,497,51,965,150,939,747,892,848,118,197,254,767,690,974,156,415,640,250,417,549,848,820,930,466,95,882,114,938,223,196,154,719,246,470,220,184,568,111,384,685,659,637,803,701,611,958]
Consumed:[910],Buffer State:[372,954,55,298,142,369,389,373,666,743,3,558,599,52,30,619,923,952,296,844,990,731,865,497,51,965,150,939,747,892,848,118,197,254,767,690,974,156,415,640,250,417,549,848,820,930,466,95,882,114,938,223,196,154,719,246,470,220,184,568,111,384,685,659,637,803,701,611,958]
Consumed:[372],Buffer State:[954,55,298,142,369,389,373,666,743,3,558,599,52,30,619,923,952,296,844,990,731,865,497,51,965,150,939,747,892,848,118,197,254,767,690,974,156,415,640,250,417,549,848,820,930,466,95,882,114,938,223,196,154,719,246,470,220,184,568,111,384,685,659,637,803,701,611,958]
Consumed:[954],Buffer State:[55,298,142,369,389,373,666,743,3,558,599,52,30,619,923,952,296,844,990,731,865,497,51,965,150,939,747,892,848,118,197,254,767,690,974,156,415,640,250,417,549,848,820,930,466,95,882,114,938,223,196,154,719,246,470,220,184,568,111,384,685,659,637,803,701,611,958]
Consumed:[55],Buffer State:[298,142,369,389,373,666,743,3,558,599,52,30,619,923,952,296,844,990,731,865,497,51,965,150,939,747,892,848,118,197,254,767,690,974,156,415,640,250,417,549,848,820,930,466,95,882,114,938,223,196,154,719,246,470,220,184,568,111,384,685,659,637,803,701,611,958]
Consumed:[298],Buffer State:[142,369,389,373,666,743,3,558,599,52,30,619,923,952,296,844,990,731,865,497,51,965,150,939,747,892,848,118,197,254,767,690,974,156,415,640,250,417,549,848,820,930,466,95,882,114,938,223,196,154,719,246,470,220,184,568,111,384,685,659,637,803,701,611,958]
Consumed:[142],Buffer State:[369,389,373,666,743,3,558,599,52,30,619,923,952,296,844,990,731,865,497,51,965,150,939,747,892,848,118,197,254,767,690,974,156,415,640,250,417,549,848,820,930,466,95,882,114,938,223,196,154,719,246,470,220,184,568,111,384,685,659,637,803,701,611,958]
Consumed:[369],Buffer State:[389,373,666,743,3,558,599,52,30,619,923,952,296,844,990,731,865,497,51,965,150,939,747,892,848,118,197,254,767,690,974,156,415,640,250,417,549,848,820,930,466,95,882,114,938,223,196,154,719,246,470,220,184,568,111,384,685,659,637,803,701,611,958]
Consumed:[389],Buffer State:[373,666,743,3,558,599,52,30,619,923,952,296,844,990,731,865,497,51,965,150,939,747,892,848,118,197,254,767,690,974,156,415,640,250,417,549,848,820,930,466,95,882,114,938,223,196,154,719,246,470,220,184,568,111,384,685,659,637,803,701,611,958]
Consumed:[373],Buffer State:[666,743,3,558,599,52,30,619,923,952,296,844,990,731,865,497,51,965,150,939,747,892,848,118,197,254,767,690,974,156,415,640,250,417,549,848,820,930,466,95,882,114,938,223,196,154,719,246,470,220,184,568,111,384,685,659,637,803,701,611,958]
Consumed:[666],Buffer State:[743,3,558,599,52,30,619,923,952,296,844,990,731,865,497,51,965,150,939,747,892,848,118,197,254,767,690,974,156,415,640,250,417,549,848,820,930,466,95,882,114,938,223,196,154,719,246,470,220,184,568,111,384,685,659,637,803,701,611,958]
Consumed:[743],Buffer State:[3,558,599,52,30,619,923,952,296,844,990,731,865,497,51,965,150,939,747,892,848,118,197,254,767,690,974,156,415,640,250,417,549,848,820,930,466,95,882,114,938,223,196,154,719,246,470,220,184,568,111,384,685,659,637,803,701,611,958]
Consumed:[3],Buffer State:[558,599,52,30,619,923,952,296,844,990,731,865,497,51,965,150,939,747,892,848,118,197,254,767,690,974,156,415,640,250,417,549,848,820,930,466,95,882,114,938,223,196,154,719,246,470,220,184,568,111,384,685,659,637,803,701,611,958]
Consumed:[558],Buffer State:[599,52,30,619,923,952,296,844,990,731,865,497,51,965,150,939,747,892,848,118,197,254,767,690,974,156,415,640,250,417,549,848,820,930,466,95,882,114,938,223,196,154,719,246,470,220,184,568,111,384,685,659,637,803,701,611,958]
Consumed:[599],Buffer State:[52,30,619,923,952,296,844,990,731,865,497,51,965,150,939,747,892,848,118,197,254,767,690,974,156,415,640,250,417,549,848,820,930,466,95,882,114,938,223,196,154,719,246,470,220,184,568,111,384,685,659,637,803,701,611,958]
Consumed:[52],Buffer State:[30,619,923,952,296,844,990,731,865,497,51,965,150,939,747,892,848,118,197,254,767,690,974,156,415,640,250,417,549,848,820,930,466,95,882,114,938,223,196,154,719,246,470,220,184,568,111,384,685,659,637,803,701,611,958]
Consumed:[30],Buffer State:[619,923,952,296,844,990,731,865,497,51,965,150,939,747,892,848,118,197,254,767,690,974,156,415,640,250,417,549,848,820,930,466,95,882,114,938,223,196,154,719,246,470,220,184,568,111,384,685,659,637,803,701,611,958]
Consumed:[619],Buffer State:[923,952,296,844,990,731,865,497,51,965,150,939,747,892,848,118,197,254,767,690,974,156,415,640,250,417,549,848,820,930,466,95,882,114,938,223,196,154,719,246,470,220,184,568,111,384,685,659,637,803,701,611,958]
Consumed:[923],Buffer State:[952,296,844,990,731,865,497,51,965,150,939,747,892,848,118,197,254,767,690,974,156,415,640,250,417,549,848,820,930,466,95,882,114,938,223,196,154,719,246,470,220,184,568,111,384,685,659,637,803,701,611,958]
Consumed:[952],Buffer State:[296,844,990,731,865,497,51,965,150,939,747,892,848,118,197,254,767,690,974,156,415,640,250,417,549,848,820,930,466,95,882,114,938,223,196,154,719,246,470,220,184,568,111,384,685,659,637,803,701,611,958]
Consumed:[296],Buffer State:[844,990,731,865,497,51,965,150,939,747,892,848,118,197,254,767,690,974,156,415,640,250,417,549,848,820,930,466,95,882,114,938,223,196,154,719,246,470,220,184,568,111,384,685,659,637,803,701,611,958]
Consumed:[844],Buffer State:[990,731,865,497,51,965,150,939,747,892,848,118,197,254,767,690,974,156,415,640,250,417,549,848,820,930,466,95,882,114,938,223,196,154,719,246,470,220,184,568,111,384,685,659,637,803,701,611,958]
Consumed:[990],Buffer State:[731,865,497,51,965,150,939,747,892,848,118,197,254,767,690,974,156,415,640,250,417,549,848,820,930,466,95,882,114,938,223,196,154,719,246,470,220,184,568,111,384,685,659,637,803,701,611,958]
Consumed:[731],Buffer State:[865,497,51,965,150,939,747,892,848,118,197,254,767,690,974,156,415,640,250,417,549,848,820,930,466,95,882,114,938,223,196,154,719,246,470,220,184,568,111,384,685,659,637,803,701,611,958]
Consumed:[865],Buffer State:[497,51,965,150,939,747,892,848,118,197,254,767,690,974,156,415,640,250,417,549,848,820,930,466,95,882,114,938,223,196,154,719,246,470,220,184,568,111,384,685,659,637,803,701,611,958]
Consumed:[497],Buffer State:[51,965,150,939,747,892,848,118,197,254,767,690,974,156,415,640,250,417,549,848,820,930,466,95,882,114,938,223,196,154,719,246,470,220,184,568,111,384,685,659,637,803,701,611,958]
Consumed:[51],Buffer State:[965,150,939,747,892,848,118,197,254,767,690,974,156,415,640,250,417,549,848,820,930,466,95,882,114,938,223,196,154,719,246,470,220,184,568,111,384,685,659,637,803,701,611,958]
Consumed:[965],Buffer State:[150,939,747,892,848,118,197,254,767,690,974,156,415,640,250,417,549,848,820,930,466,95,882,114,938,223,196,154,719,246,470,220,184,568,111,384,685,659,637,803,701,611,958]
Consumed:[150],Buffer State:[939,747,892,848,118,197,254,767,690,974,156,415,640,250,417,549,848,820,930,466,95,882,114,938,223,196,154,719,246,470,220,184,568,111,384,685,659,637,803,701,611,958]
Consumed:[939],Buffer State:[747,892,848,118,197,254,767,690,974,156,415,640,250,417,549,848,820,930,466,95,882,114,938,223,196,154,719,246,470,220,184,568,111,384,685,659,637,803,701,611,958]
Consumed:[747],Buffer State:[892,848,118,197,254,767,690,974,156,415,640,250,417,549,848,820,930,466,95,882,114,938,223,196,154,719,246,470,220,184,568,111,384,685,659,637,803,701,611,958]
Consumed:[892],Buffer State:[848,118,197,254,767,690,974,156,415,640,250,417,549,848,820,930,466,95,882,114,938,223,196,154,719,246,470,220,184,568,111,384,685,659,637,803,701,611,958]
Consumed:[848],Buffer State:[118,197,254,767,690,974,156,415,640,250,417,549,848,820,930,466,95,882,114,938,223,196,154,719,246,470,220,184,568,111,384,685,659,637,803,701,611,958]
Consumed:[118],Buffer State:[197,254,767,690,974,156,415,640,250,417,549,848,820,930,466,95,882,114,938,223,196,154,719,246,470,220,184,568,111,384,685,659,637,803,701,611,958]
Consumed:[197],Buffer State:[254,767,690,974,156,415,640,250,417,549,848,820,930,466,95,882,114,938,223,196,154,719,246,470,220,184,568,111,384,685,659,637,803,701,611,958]
Consumed:[254],Buffer State:[767,690,974,156,415,640,250,417,549,848,820,930,466,95,882,114,938,223,196,154,719,246,470,220,184,568,111,384,685,659,637,803,701,611,958]
Consumed:[767],Buffer State:[690,974,156,415,640,250,417,549,848,820,930,466,95,882,114,938,223,196,154,719,246,470,220,184,568,111,384,685,659,637,803,701,611,958]
Consumed:[690],Buffer State:[974,156,415,640,250,417,549,848,820,930,466,95,882,114,938,223,196,154,719,246,470,220,184,568,111,384,685,659,637,803,701,611,958]
Consumed:[974],Buffer State:[156,415,640,250,417,549,848,820,930,466,95,882,114,938,223,196,154,719,246,470,220,184,568,111,384,685,659,637,803,701,611,958]
Consumed:[156],Buffer State:[415,640,250,417,549,848,820,930,466,95,882,114,938,223,196,154,719,246,470,220,184,568,111,384,685,659,637,803,701,611,958]
Consumed:[415],Buffer State:[640,250,417,549,848,820,930,466,95,882,114,938,223,196,154,719,246,470,220,184,568,111,384,685,659,637,803,701,611,958]
Consumed:[640],Buffer State:[250,417,549,848,820,930,466,95,882,114,938,223,196,154,719,246,470,220,184,568,111,384,685,659,637,803,701,611,958]
Consumed:[250],Buffer State:[417,549,848,820,930,466,95,882,114,938,223,196,154,719,246,470,220,184,568,111,384,685,659,637,803,701,611,958]
Consumed:[417],Buffer State:[549,848,820,930,466,95,882,114,938,223,196,154,719,246,470,220,184,568,111,384,685,659,637,803,701,611,958]
Consumed:[549],Buffer State:[848,820,930,466,95,882,114,938,223,196,154,719,246,470,220,184,568,111,384,685,659,637,803,701,611,958]
Consumed:[848],Buffer State:[820,930,466,95,882,114,938,223,196,154,719,246,470,220,184,568,111,384,685,659,637,803,701,611,958]
Consumed:[820],Buffer State:[930,466,95,882,114,938,223,196,154,719,246,470,220,184,568,111,384,685,659,637,803,701,611,958]
Consumed:[930],Buffer State:[466,95,882,114,938,223,196,154,719,246,470,220,184,568,111,384,685,659,637,803,701,611,958]
Consumed:[466],Buffer State:[95,882,114,938,223,196,154,719,246,470,220,184,568,111,384,685,659,637,803,701,611,958]
Consumed:[95],Buffer State:[882,114,938,223,196,154,719,246,470,220,184,568,111,384,685,659,637,803,701,611,958]
Consumed:[882],Buffer State:[114,938,223,196,154,719,246,470,220,184,568,111,384,685,659,637,803,701,611,958]
Consumed:[114],Buffer State:[938,223,196,154,719,246,470,220,184,568,111,384,685,659,637,803,701,611,958]
Consumed:[938],Buffer State:[223,196,154,719,246,470,220,184,568,111,384,685,659,637,803,701,611,958]
Consumed:[223],Buffer State:[196,154,719,246,470,220,184,568,111,384,685,659,637,803,701,611,958]
Consumed:[196],Buffer State:[154,719,246,470,220,184,568,111,384,685,659,637,803,701,611,958]
Consumed:[154],Buffer State:[719,246,470,220,184,568,111,384,685,659,637,803,701,611,958]
Consumed:[719],Buffer State:[246,470,220,184,568,111,384,685,659,637,803,701,611,958]
Consumed:[246],Buffer State:[470,220,184,568,111,384,685,659,637,803,701,611,958]
Consumed:[470],Buffer State:[220,184,568,111,384,685,659,637,803,701,611,958]
Consumed:[220],Buffer State:[184,568,111,384,685,659,637,803,701,611,958]
Consumed:[184],Buffer State:[568,111,384,685,659,637,803,701,611,958]
Consumed:[568],Buffer State:[111,384,685,659,637,803,701,611,958]
Consumed:[111],Buffer State:[384,685,659,637,803,701,611,958]
Consumed:[384],Buffer State:[685,659,637,803,701,611,958]
Consumed:[685],Buffer State:[659,637,803,701,611,958]
Consumed:[659],Buffer State:[637,803,701,611,958]
Consumed:[637],Buffer State:[803,701,611,958]
Consumed:[803],Buffer State:[701,611,958]
Consumed:[701],Buffer State:[611,958]
Consumed:[611],Buffer State:[958]
Consumed:[958],Buffer State:[]
Consumed:[115],Buffer State:[250,208,883,150,407,703,79,225,149,960,338,438,534,533,943,253,778,412,472,314,979,935,697]
Consumed:[250],Buffer State:[208,883,150,407,703,79,225,149,960,338,438,534,533,943,253,778,412,472,314,979,935,697]
Consumed:[208],Buffer State:[883,150,407,703,79,225,149,960,338,438,534,533,943,253,778,412,472,314,979,935,697]
Consumed:[883],Buffer State:[150,407,703,79,225,149,960,338,438,534,533,943,253,778,412,472,314,979,935,697]
Consumed:[150],Buffer State:[407,703,79,225,149,960,338,438,534,533,943,253,778,412,472,314,979,935,697]
Consumed:[407],Buffer State:[703,79,225,149,960,338,438,534,533,943,253,778,412,472,314,979,935,697]
Consumed:[703],Buffer State:[79,225,149,960,338,438,534,533,943,253,778,412,472,314,979,935,697]
Consumed:[79],Buffer State:[225,149,960,338,438,534,533,943,253,778,412,472,314,979,935,697]
Consumed:[225],Buffer State:[149,960,338,438,534,533,943,253,778,412,472,314,979,935,697]
Consumed:[149],Buffer State:[960,338,438,534,533,943,253,778,412,472,314,979,935,697]
Consumed:[960],Buffer State:[338,438,534,533,943,253,778,412,472,314,979,935,697]
Consumed:[338],Buffer State:[438,534,533,943,253,778,412,472,314,979,935,697]
Consumed:[438],Buffer State:[534,533,943,253,778,412,472,314,979,935,697]
Consumed:[534],Buffer State:[533,943,253,778,412,472,314,979,935,697]
Consumed:[533],Buffer State:[943,253,778,412,472,314,979,935,697]
Consumed:[943],Buffer State:[253,778,412,472,314,979,935,697]
Consumed:[253],Buffer State:[778,412,472,314,979,935,697]
Consumed:[778],Buffer State:[412,472,314,979,935,697]
Consumed:[412],Buffer State:[472,314,979,935,697]
Consumed:[472],Buffer State:[314,979,935,697]
Consumed:[314],Buffer State:[979,935,697]
Consumed:[979],Buffer State:[935,697]
Consumed:[935],Buffer State:[697]
Consumed:[697],Buffer State:[]
Consumed:[15],Buffer State:[945,333,817,645,295,775,759,896,334,642,45,740,696,124,316,844,435,653,633,969,185,575]
Consumed:[945],Buffer State:[333,817,645,295,775,759,896,334,642,45,740,696,124,316,844,435,653,633,969,185,575]
Consumed:[333],Buffer State:[817,645,295,775,759,896,334,642,45,740,696,124,316,844,435,653,633,969,185,575]
Consumed:[817],Buffer State:[645,295,775,759,896,334,642,45,740,696,124,316,844,435,653,633,969,185,575]
Consumed:[645],Buffer State:[295,775,759,896,334,642,45,740,696,124,316,844,435,653,633,969,185,575]
Consumed:[295],Buffer State:[775,759,896,334,642,45,740,696,124,316,844,435,653,633,969,185,575]
Consumed:[775],Buffer State:[759,896,334,642,45,740,696,124,316,844,435,653,633,969,185,575]
Consumed:[759],Buffer State:[896,334,642,45,740,696,124,316,844,435,653,633,969,185,575]
Consumed:[896],Buffer State:[334,642,45,740,696,124,316,844,435,653,633,969,185,575]
Consumed:[334],Buffer State:[642,45,740,696,124,316,844,435,653,633,969,185,575]
Consumed:[642],Buffer State:[45,740,696,124,316,844,435,653,633,969,185,575]
Consumed:[45],Buffer State:[740,696,124,316,844,435,653,633,969,185,575]
Consumed:[740],Buffer State:[696,124,316,844,435,653,633,969,185,575]
Consumed:[696],Buffer State:[124,316,844,435,653,633,969,185,575]
Consumed:[124],Buffer State:[316,844,435,653,633,969,185,575]
Consumed:[316],Buffer State:[844,435,653,633,969,185,575]
Consumed:[844],Buffer State:[435,653,633,969,185,575]
Consumed:[435],Buffer State:[653,633,969,185,575]
Consumed:[653],Buffer State:[633,969,185,575]
Consumed:[633],Buffer State:[969,185,575]
Consumed:[969],Buffer State:[185,575]
Consumed:[185],Buffer State:[575]
Consumed:[575],Buffer State:[]
Consumed:[221],Buffer State:[315,986,44,628,316,978,324,330,923,8,146,919,303,272,678]
Consumed:[315],Buffer State:[986,44,628,316,978,324,330,923,8,146,919,303,272,678]
Consumed:[986],Buffer State:[44,628,316,978,324,330,923,8,146,919,303,272,678]
Consumed:[44],Buffer State:[628,316,978,324,330,923,8,146,919,303,272,678]
Consumed:[628],Buffer State:[316,978,324,330,923,8,146,919,303,272,678]
Consumed:[316],Buffer State:[978,324,330,923,8,146,919,303,272,678]
Consumed:[978],Buffer State:[324,330,923,8,146,919,303,272,678]
Consumed:[324],Buffer State:[330,923,8,146,919,303,272,678]
Consumed:[330],Buffer State:[923,8,146,919,303,272,678]
Consumed:[923],Buffer State:[8,146,919,303,272,678]
Consumed:[8],Buffer State:[146,919,303,272,678]
Consumed:[146],Buffer State:[919,303,272,678]
Consumed:[919],Buffer State:[303,272,678]
Consumed:[303],Buffer State:[272,678]
Consumed:[272],Buffer State:[678]
Consumed:[678],Buffer State:[]
Consumed:[550],Buffer State:[605,671,595,697,366,718,12,561,152,665,193,472,201,767,692,867,104,736,494,419,65,169,748]
Consumed:[605],Buffer State:[671,595,697,366,718,12,561,152,665,193,472,201,767,692,867,104,736,494,419,65,169,748]
Consumed:[671],Buffer State:[595,697,366,718,12,561,152,665,193,472,201,767,692,867,104,736,494,419,65,169,748]
Consumed:[595],Buffer State:[697,366,718,12,561,152,665,193,472,201,767,692,867,104,736,494,419,65,169,748]
Consumed:[697],Buffer State:[366,718,12,561,152,665,193,472,201,767,692,867,104,736,494,419,65,169,748]
Consumed:[366],Buffer State:[718,12,561,152,665,193,472,201,767,692,867,104,736,494,419,65,169,748]
Consumed:[718],Buffer State:[12,561,152,665,193,472,201,767,692,867,104,736,494,419,65,169,748]
Consumed:[12],Buffer State:[561,152,665,193,472,201,767,692,867,104,736,494,419,65,169,748]
Consumed:[561],Buffer State:[152,665,193,472,201,767,692,867,104,736,494,419,65,169,748]
Consumed:[152],Buffer State:[665,193,472,201,767,692,867,104,736,494,419,65,169,748]
Consumed:[665],Buffer State:[193,472,201,767,692,867,104,736,494,419,65,169,748]
Consumed:[193],Buffer State:[472,201,767,692,867,104,736,494,419,65,169,748]
Consumed:[472],Buffer State:[201,767,692,867,104,736,494,419,65,169,748]
Consumed:[201],Buffer State:[767,692,867,104,736,494,419,65,169,748]
Consumed:[767],Buffer State:[692,867,104,736,494,419,65,169,748]
Consumed:[692],Buffer State:[867,104,736,494,419,65,169,748]
Consumed:[867],Buffer State:[104,736,494,419,65,169,748]
Consumed:[104],Buffer State:[736,494,419,65,169,748]
Consumed:[736],Buffer State:[494,419,65,169,748]
Consumed:[494],Buffer State:[419,65,169,748]
Consumed:[419],Buffer State:[65,169,748]
Consumed:[65],Buffer State:[169,748]
Consumed:[169],Buffer State:[748]
Consumed:[748],Buffer State:[]
Consumed:[339],Buffer State:[529]
Consumed:[529],Buffer State:[]
Consumed:[245],Buffer State:[258,183,517,287,732,473,957,326,521,674,395,533,586,547,549,778,18,101,896,62,968,351,149,813,769,213,982,868]
Consumed:[258],Buffer State:[183,517,287,732,473,957,326,521,674,395,533,586,547,549,778,18,101,896,62,968,351,149,813,769,213,982,868]
Consumed:[183],Buffer State:[517,287,732,473,957,326,521,674,395,533,586,547,549,778,18,101,896,62,968,351,149,813,769,213,982,868]
Consumed:[517],Buffer State:[287,732,473,957,326,521,674,395,533,586,547,549,778,18,101,896,62,968,351,149,813,769,213,982,868]
Consumed:[287],Buffer State:[732,473,957,326,521,674,395,533,586,547,549,778,18,101,896,62,968,351,149,813,769,213,982,868]
Consumed:[732],Buffer State:[473,957,326,521,674,395,533,586,547,549,778,18,101,896,62,968,351,149,813,769,213,982,868]
Consumed:[473],Buffer State:[957,326,521,674,395,533,586,547,549,778,18,101,896,62,968,351,149,813,769,213,982,868]
Consumed:[957],Buffer State:[326,521,674,395,533,586,547,549,778,18,101,896,62,968,351,149,813,769,213,982,868]
Consumed:[326],Buffer State:[521,674,395,533,586,547,549,778,18,101,896,62,968,351,149,813,769,213,982,868]
Consumed:[521],Buffer State:[674,395,533,586,547,549,778,18,101,896,62,968,351,149,813,769,213,982,868]
Consumed:[674],Buffer State:[395,533,586,547,549,778,18,101,896,62,968,351,149,813,769,213,982,868]
Consumed:[395],Buffer State:[533,586,547,549,778,18,101,896,62,968,351,149,813,769,213,982,868]
Consumed:[533],Buffer State:[586,547,549,778,18,101,896,62,968,351,149,813,769,213,982,868]
Consumed:[586],Buffer State:[547,549,778,18,101,896,62,968,351,149,813,769,213,982,868]
Consumed:[547],Buffer State:[549,778,18,101,896,62,968,351,149,813,769,213,982,868]
Consumed:[549],Buffer State:[778,18,101,896,62,968,351,149,813,769,213,982,868]
Consumed:[778],Buffer State:[18,101,896,62,968,351,149,813,769,213,982,868]
Consumed:[18],Buffer State:[101,896,62,968,351,149,813,769,213,982,868]
Consumed:[101],Buffer State:[896,62,968,351,149,813,769,213,982,868]
Consumed:[896],Buffer State:[62,968,351,149,813,769,213,982,868]
Consumed:[62],Buffer State:[968,351,149,813,769,213,982,868]
Consumed:[968],Buffer State:[351,149,813,769,213,982,868]
Consumed:[351],Buffer State:[149,813,769,213,982,868]
Consumed:[149],Buffer State:[813,769,213,982,868]
Consumed:[813],Buffer State:[769,213,982,868]
Consumed:[769],Buffer State:[213,982,868]
Consumed:[213],Buffer State:[982,868]
Consumed:[982],Buffer State:[868]
Consumed:[868],Buffer State:[]
Consumed:[904],Buffer State:[510,464,513,44,980,799,775,805,107,101,325,132,495,857,717,393,757,846,763,858,93,176,825]
Consumed:[510],Buffer State:[464,513,44,980,799,775,805,107,101,325,132,495,857,717,393,757,846,763,858,93,176,825]
Consumed:[464],Buffer State:[513,44,980,799,775,805,107,101,325,132,495,857,717,393,757,846,763,858,93,176,825]
Consumed:[513],Buffer State:[44,980,799,775,805,107,101,325,132,495,857,717,393,757,846,763,858,93,176,825]
Consumed:[44],Buffer State:[980,799,775,805,107,101,325,132,495,857,717,393,757,846,763,858,93,176,825]
Consumed:[980],Buffer State:[799,775,805,107,101,325,132,495,857,717,393,757,846,763,858,93,176,825]
Consumed:[799],Buffer State:[775,805,107,101,325,132,495,857,717,393,757,846,763,858,93,176,825]
Consumed:[775],Buffer State:[805,107,101,325,132,495,857,717,393,757,846,763,858,93,176,825]
Consumed:[805],Buffer State:[107,101,325,132,495,857,717,393,757,846,763,858,93,176,825]
Consumed:[107],Buffer State:[101,325,132,495,857,717,393,757,846,763,858,93,176,825]
Consumed:[101],Buffer State:[325,132,495,857,717,393,757,846,763,858,93,176,825,443,324,637,563,888,970,782,791,831,245,303,874,577,453,649,381,559,101,705,690,947,914,758,340,22,603,454,879,695,629,55,489,304,44,403,191,13,184,334,196,429,988,69,357,441,69,737,351,169,793,393,468,58,502,807,80,105,612]
Consumed:[325],Buffer State:[132,495,857,717,393,757,846,763,858,93,176,825,443,324,637,563,888,970,782,791,831,245,303,874,577,453,649,381,559,101,705,690,947,914,758,340,22,603,454,879,695,629,55,489,304,44,403,191,13,184,334,196,429,988,69,357,441,69,737,351,169,793,393,468,58,502,807,80,105,612]
Consumed:[132],Buffer State:[495,857,717,393,757,846,763,858,93,176,825,443,324,637,563,888,970,782,791,831,245,303,874,577,453,649,381,559,101,705,690,947,914,758,340,22,603,454,879,695,629,55,489,304,44,403,191,13,184,334,196,429,988,69,357,441,69,737,351,169,793,393,468,58,502,807,80,105,612]
Consumed:[495],Buffer State:[857,717,393,757,846,763,858,93,176,825,443,324,637,563,888,970,782,791,831,245,303,874,577,453,649,381,559,101,705,690,947,914,758,340,22,603,454,879,695,629,55,489,304,44,403,191,13,184,334,196,429,988,69,357,441,69,737,351,169,793,393,468,58,502,807,80,105,612]
Consumed:[857],Buffer State:[717,393,757,846,763,858,93,176,825,443,324,637,563,888,970,782,791,831,245,303,874,577,453,649,381,559,101,705,690,947,914,758,340,22,603,454,879,695,629,55,489,304,44,403,191,13,184,334,196,429,988,69,357,441,69,737,351,169,793,393,468,58,502,807,80,105,612]
Consumed:[717],Buffer State:[393,757,846,763,858,93,176,825,443,324,637,563,888,970,782,791,831,245,303,874,577,453,649,381,559,101,705,690,947,914,758,340,22,603,454,879,695,629,55,489,304,44,403,191,13,184,334,196,429,988,69,357,441,69,737,351,169,793,393,468,58,502,807,80,105,612]
Consumed:[393],Buffer State:[757,846,763,858,93,176,825,443,324,637,563,888,970,782,791,831,245,303,874,577,453,649,381,559,101,705,690,947,914,758,340,22,603,454,879,695,629,55,489,304,44,403,191,13,184,334,196,429,988,69,357,441,69,737,351,169,793,393,468,58,502,807,80,105,612]
Consumed:[757],Buffer State:[846,763,858,93,176,825,443,324,637,563,888,970,782,791,831,245,303,874,577,453,649,381,559,101,705,690,947,914,758,340,22,603,454,879,695,629,55,489,304,44,403,191,13,184,334,196,429,988,69,357,441,69,737,351,169,793,393,468,58,502,807,80,105,612]
Consumed:[846],Buffer State:[763,858,93,176,825,443,324,637,563,888,970,782,791,831,245,303,874,577,453,649,381,559,101,705,690,947,914,758,340,22,603,454,879,695,629,55,489,304,44,403,191,13,184,334,196,429,988,69,357,441,69,737,351,169,793,393,468,58,502,807,80,105,612]
Consumed:[763],Buffer State:[858,93,176,825,443,324,637,563,888,970,782,791,831,245,303,874,577,453,649,381,559,101,705,690,947,914,758,340,22,603,454,879,695,629,55,489,304,44,403,191,13,184,334,196,429,988,69,357,441,69,737,351,169,793,393,468,58,502,807,80,105,612]
Consumed:[858],Buffer State:[93,176,825,443,324,637,563,888,970,782,791,831,245,303,874,577,453,649,381,559,101,705,690,947,914,758,340,22,603,454,879,695,629,55,489,304,44,403,191,13,184,334,196,429,988,69,357,441,69,737,351,169,793,393,468,58,502,807,80,105,612]
Consumed:[93],Buffer State:[176,825,443,324,637,563,888,970,782,791,831,245,303,874,577,453,649,381,559,101,705,690,947,914,758,340,22,603,454,879,695,629,55,489,304,44,403,191,13,184,334,196,429,988,69,357,441,69,737,351,169,793,393,468,58,502,807,80,105,612]
Consumed:[176],Buffer State:[825,443,324,637,563,888,970,782,791,831,245,303,874,577,453,649,381,559,101,705,690,947,914,758,340,22,603,454,879,695,629,55,489,304,44,403,191,13,184,334,196,429,988,69,357,441,69,737,351,169,793,393,468,58,502,807,80,105,612]
Consumed:[825],Buffer State:[443,324,637,563,888,970,782,791,831,245,303,874,577,453,649,381,559,101,705,690,947,914,758,340,22,603,454,879,695,629,55,489,304,44,403,191,13,184,334,196,429,988,69,357,441,69,737,351,169,793,393,468,58,502,807,80,105,612]
Consumed:[443],Buffer State:[324,637,563,888,970,782,791,831,245,303,874,577,453,649,381,559,101,705,690,947,914,758,340,22,603,454,879,695,629,55,489,304,44,403,191,13,184,334,196,429,988,69,357,441,69,737,351,169,793,393,468,58,502,807,80,105,612]
Consumed:[324],Buffer State:[637,563,888,970,782,791,831,245,303,874,577,453,649,381,559,101,705,690,947,914,758,340,22,603,454,879,695,629,55,489,304,44,403,191,13,184,334,196,429,988,69,357,441,69,737,351,169,793,393,468,58,502,807,80,105,612]
Consumed:[637],Buffer State:[563,888,970,782,791,831,245,303,874,577,453,649,381,559,101,705,690,947,914,758,340,22,603,454,879,695,629,55,489,304,44,403,191,13,184,334,196,429,988,69,357,441,69,737,351,169,793,393,468,58,502,807,80,105,612]
Consumed:[563],Buffer State:[888,970,782,791,831,245,303,874,577,453,649,381,559,101,705,690,947,914,758,340,22,603,454,879,695,629,55,489,304,44,403,191,13,184,334,196,429,988,69,357,441,69,737,351,169,793,393,468,58,502,807,80,105,612]
Consumed:[888],Buffer State:[970,782,791,831,245,303,874,577,453,649,381,559,101,705,690,947,914,758,340,22,603,454,879,695,629,55,489,304,44,403,191,13,184,334,196,429,988,69,357,441,69,737,351,169,793,393,468,58,502,807,80,105,612]
Consumed:[970],Buffer State:[782,791,831,245,303,874,577,453,649,381,559,101,705,690,947,914,758,340,22,603,454,879,695,629,55,489,304,44,403,191,13,184,334,196,429,988,69,357,441,69,737,351,169,793,393,468,58,502,807,80,105,612]
Consumed:[782],Buffer State:[791,831,245,303,874,577,453,649,381,559,101,705,690,947,914,758,340,22,603,454,879,695,629,55,489,304,44,403,191,13,184,334,196,429,988,69,357,441,69,737,351,169,793,393,468,58,502,807,80,105,612]
Consumed:[791],Buffer State:[831,245,303,874,577,453,649,381,559,101,705,690,947,914,758,340,22,603,454,879,695,629,55,489,304,44,403,191,13,184,334,196,429,988,69,357,441,69,737,351,169,793,393,468,58,502,807,80,105,612]
Consumed:[831],Buffer State:[245,303,874,577,453,649,381,559,101,705,690,947,914,758,340,22,603,454,879,695,629,55,489,304,44,403,191,13,184,334,196,429,988,69,357,441,69,737,351,169,793,393,468,58,502,807,80,105,612]
Consumed:[245],Buffer State:[303,874,577,453,649,381,559,101,705,690,947,914,758,340,22,603,454,879,695,629,55,489,304,44,403,191,13,184,334,196,429,988,69,357,441,69,737,351,169,793,393,468,58,502,807,80,105,612]
Consumed:[303],Buffer State:[874,577,453,649,381,559,101,705,690,947,914,758,340,22,603,454,879,695,629,55,489,304,44,403,191,13,184,334,196,429,988,69,357,441,69,737,351,169,793,393,468,58,502,807,80,105,612]
Consumed:[874],Buffer State:[577,453,649,381,559,101,705,690,947,914,758,340,22,603,454,879,695,629,55,489,304,44,403,191,13,184,334,196,429,988,69,357,441,69,737,351,169,793,393,468,58,502,807,80,105,612]
Consumed:[577],Buffer State:[453,649,381,559,101,705,690,947,914,758,340,22,603,454,879,695,629,55,489,304,44,403,191,13,184,334,196,429,988,69,357,441,69,737,351,169,793,393,468,58,502,807,80,105,612]
Consumed:[453],Buffer State:[649,381,559,101,705,690,947,914,758,340,22,603,454,879,695,629,55,489,304,44,403,191,13,184,334,196,429,988,69,357,441,69,737,351,169,793,393,468,58,502,807,80,105,612]
Consumed:[649],Buffer State:[381,559,101,705,690,947,914,758,340,22,603,454,879,695,629,55,489,304,44,403,191,13,184,334,196,429,988,69,357,441,69,737,351,169,793,393,468,58,502,807,80,105,612]
Consumed:[381],Buffer State:[559,101,705,690,947,914,758,340,22,603,454,879,695,629,55,489,304,44,403,191,13,184,334,196,429,988,69,357,441,69,737,351,169,793,393,468,58,502,807,80,105,612]
Consumed:[559],Buffer State:[101,705,690,947,914,758,340,22,603,454,879,695,629,55,489,304,44,403,191,13,184,334,196,429,988,69,357,441,69,737,351,169,793,393,468,58,502,807,80,105,612]
Consumed:[101],Buffer State:[705,690,947,914,758,340,22,603,454,879,695,629,55,489,304,44,403,191,13,184,334,196,429,988,69,357,441,69,737,351,169,793,393,468,58,502,807,80,105,612]
Consumed:[705],Buffer State:[690,947,914,758,340,22,603,454,879,695,629,55,489,304,44,403,191,13,184,334,196,429,988,69,357,441,69,737,351,169,793,393,468,58,502,807,80,105,612]
Consumed:[690],Buffer State:[947,914,758,340,22,603,454,879,695,629,55,489,304,44,403,191,13,184,334,196,429,988,69,357,441,69,737,351,169,793,393,468,58,502,807,80,105,612]
Consumed:[947],Buffer State:[914,758,340,22,603,454,879,695,629,55,489,304,44,403,191,13,184,334,196,429,988,69,357,441,69,737,351,169,793,393,468,58,502,807,80,105,612]
Consumed:[914],Buffer State:[758,340,22,603,454,879,695,629,55,489,304,44,403,191,13,184,334,196,429,988,69,357,441,69,737,351,169,793,393,468,58,502,807,80,105,612]
Consumed:[758],Buffer State:[340,22,603,454,879,695,629,55,489,304,44,403,191,13,184,334,196,429,988,69,357,441,69,737,351,169,793,393,468,58,502,807,80,105,612]
Consumed:[340],Buffer State:[22,603,454,879,695,629,55,489,304,44,403,191,13,184,334,196,429,988,69,357,441,69,737,351,169,793,393,468,58,502,807,80,105,612]
Consumed:[22],Buffer State:[603,454,879,695,629,55,489,304,44,403,191,13,184,334,196,429,988,69,357,441,69,737,351,169,793,393,468,58,502,807,80,105,612]
Consumed:[603],Buffer State:[454,879,695,629,55,489,304,44,403,191,13,184,334,196,429,988,69,357,441,69,737,351,169,793,393,468,58,502,807,80,105,612]
Consumed:[454],Buffer State:[879,695,629,55,489,304,44,403,191,13,184,334,196,429,988,69,357,441,69,737,351,169,793,393,468,58,502,807,80,105,612]
Consumed:[879],Buffer State:[695,629,55,489,304,44,403,191,13,184,334,196,429,988,69,357,441,69,737,351,169,793,393,468,58,502,807,80,105,612]
Consumed:[695],Buffer State:[629,55,489,304,44,403,191,13,184,334,196,429,988,69,357,441,69,737,351,169,793,393,468,58,502,807,80,105,612]
Consumed:[629],Buffer State:[55,489,304,44,403,191,13,184,334,196,429,988,69,357,441,69,737,351,169,793,393,468,58,502,807,80,105,612]
Consumed:[55],Buffer State:[489,304,44,403,191,13,184,334,196,429,988,69,357,441,69,737,351,169,793,393,468,58,502,807,80,105,612]
Consumed:[489],Buffer State:[304,44,403,191,13,184,334,196,429,988,69,357,441,69,737,351,169,793,393,468,58,502,807,80,105,612]
Consumed:[304],Buffer State:[44,403,191,13,184,334,196,429,988,69,357,441,69,737,351,169,793,393,468,58,502,807,80,105,612]
Consumed:[44],Buffer State:[403,191,13,184,334,196,429,988,69,357,441,69,737,351,169,793,393,468,58,502,807,80,105,612]
Consumed:[403],Buffer State:[191,13,184,334,196,429,988,69,357,441,69,737,351,169,793,393,468,58,502,807,80,105,612]
Consumed:[191],Buffer State:[13,184,334,196,429,988,69,357,441,69,737,351,169,793,393,468,58,502,807,80,105,612]
Consumed:[13],Buffer State:[184,334,196,429,988,69,357,441,69,737,351,169,793,393,468,58,502,807,80,105,612]
Consumed:[184],Buffer State:[334,196,429,988,69,357,441,69,737,351,169,793,393,468,58,502,807,80,105,612]
Consumed:[334],Buffer State:[196,429,988,69,357,441,69,737,351,169,793,393,468,58,502,807,80,105,612]
Consumed:[196],Buffer State:[429,988,69,357,441,69,737,351,169,793,393,468,58,502,807,80,105,612]
Consumed:[429],Buffer State:[988,69,357,441,69,737,351,169,793,393,468,58,502,807,80,105,612]
Consumed:[988],Buffer State:[69,357,441,69,737,351,169,793,393,468,58,502,807,80,105,612]
Consumed:[69],Buffer State:[357,441,69,737,351,169,793,393,468,58,502,807,80,105,612]
Consumed:[357],Buffer State:[441,69,737,351,169,793,393,468,58,502,807,80,105,612]
Consumed:[441],Buffer State:[69,737,351,169,793,393,468,58,502,807,80,105,612]
Consumed:[69],Buffer State:[737,351,169,793,393,468,58,502,807,80,105,612]
Consumed:[737],Buffer State:[351,169,793,393,468,58,502,807,80,105,612]
Consumed:[351],Buffer State:[169,793,393,468,58,502,807,80,105,612]
Consumed:[169],Buffer State:[793,393,468,58,502,807,80,105,612]
Consumed:[793],Buffer State:[393,468,58,502,807,80,105,612]
Consumed:[393],Buffer State:[468,58,502,807,80,105,612]
Consumed:[468],Buffer State:[58,502,807,80,105,612]
Consumed:[58],Buffer State:[502,807,80,105,612]
Consumed:[502],Buffer State:[807,80,105,612]
Consumed:[807],Buffer State:[80,105,612]
Consumed:[80],Buffer State:[105,612]
Consumed:[105],Buffer State:[612]
Consumed:[612],Buffer State:[]
